homework 2 - Data Mining
=== Run information ===

Scheme:       weka.clusterers.SelfOrganizingMap -L 0.3 -O 2000 -C 1000 -H 5 -W 5
Relation:     iris.arff
Instances:    149
Attributes:   5
              5.1
              3.5
              1.4
              0.2
              Iris-setosa
Test mode:    evaluate on training data


=== Clustering model (full training set) ===


Self Organized Map
==================

Number of clusters: 25


              Cluster
Attribute           0       1       2       3       4       5       6       7       8       9      10      11      12      13      14      15      16      17      18      19      20      21      22      23      24
                  (7)     (6)    (12)     (7)    (17)     (0)     (0)     (0)     (0)     (0)     (9)     (3)    (13)     (8)     (4)     (7)     (6)     (7)     (2)     (6)     (6)    (13)     (6)     (5)     (5)
======================================================================================================================================================================================================================
5.1
  value         5.5273  5.1829  5.1667  4.8303  4.6805  5.9931  5.7412  5.4604  5.1983  5.0144  6.6873   6.232  5.8617  5.6873  5.0008  7.1286  6.4828  6.0573  5.0492  5.5987  7.7176  6.6381  6.4151  5.7398   6.179
  min              5.2     5.1       5     4.6     4.3     NaN     NaN     NaN     NaN     NaN     6.4       6     5.4     5.5     4.9     6.8     6.3     5.9     4.9     5.5     7.6     6.2     6.3     5.6       6
  max              5.8     5.4     5.5       5       5     NaN     NaN     NaN     NaN     NaN       7     6.4     6.2     5.8     5.1     7.4     6.7     6.3     5.2       6     7.9     7.2     6.7     5.8     6.3
  mean          5.5286  5.1833  5.1667  4.8286  4.6824     NaN     NaN     NaN     NaN     NaN  6.6889  6.2333  5.8615  5.6875       5  7.1286  6.4833  6.0571    5.05     5.6  7.7167  6.6385  6.4167    5.74    6.18
  std. dev.     0.2138  0.1329  0.1775  0.1799  0.2186     NaN     NaN     NaN     NaN     NaN    0.19  0.2082  0.2567  0.1126  0.0816  0.2138  0.1329  0.1512  0.2121     0.2  0.0983  0.2873  0.1472  0.0894  0.1304

3.5
  value         4.0436  3.7501  3.4499  3.3847  3.0282  3.4144  3.3299  3.2038  3.0297  2.8854  2.9879  3.3007  2.9239  2.6995  2.3008  3.0001  3.0337  2.9286  2.5995  2.3846  3.1668  3.2377   2.667  2.7006   2.361
  min              3.8     3.7     3.3     3.2     2.3     NaN     NaN     NaN     NaN     NaN     2.8     3.2     2.8     2.6       2     2.8     2.9     2.7     2.5     2.2     2.6       3     2.5     2.5     2.2
  max              4.4     3.8     3.6     3.6     3.2     NaN     NaN     NaN     NaN     NaN     3.2     3.4       3     2.9     2.5     3.2     3.2     3.2     2.7     2.5     3.8     3.6     2.8     2.8     2.6
  mean          4.0429    3.75    3.45  3.3857  3.0294     NaN     NaN     NaN     NaN     NaN  2.9889     3.3  2.9231     2.7     2.3       3  3.0333  2.9286     2.6  2.3833  3.1667  3.2385  2.6667     2.7    2.36
  std. dev.      0.207  0.0548  0.0798  0.1215  0.2085     NaN     NaN     NaN     NaN     NaN  0.1453     0.1  0.0832  0.1069   0.216  0.1291  0.1033  0.1704  0.1414  0.1169  0.5125   0.171  0.1366  0.1225  0.1817

1.4
  value         1.4713  1.5839  1.4906  1.4281  1.4172  3.2394  3.0646  2.8241  2.5396  2.3174  4.5989  4.5667  4.3824  3.9788  3.2736  5.8548  5.3176  4.9437  4.2015  3.8992  6.5636  5.6171  5.3647  5.0398  4.8846
  min              1.2     1.5     1.3       1     1.1     NaN     NaN     NaN     NaN     NaN     4.3     4.5       4     3.5       3     5.4       5     4.8     3.9     3.7     6.1     5.1     4.9     4.9     4.4
  max              1.7     1.9     1.7     1.9     1.6     NaN     NaN     NaN     NaN     NaN     4.9     4.7     4.7     4.4     3.5     6.3     5.6     5.1     4.5       4     6.9     6.1     5.8     5.1     5.6
  mean          1.4714  1.5833  1.4917  1.4286  1.4176     NaN     NaN     NaN     NaN     NaN     4.6  4.5667  4.3846   3.975   3.275  5.8571  5.3167  4.9429     4.2     3.9  6.5667  5.6231  5.3667    5.04    4.88
  std. dev.      0.189  0.1602  0.1379   0.287  0.1334     NaN     NaN     NaN     NaN     NaN     0.2  0.1155  0.2304  0.3012  0.2062  0.3207  0.2483  0.1512  0.4243  0.1265  0.2805  0.3032  0.3615  0.0894  0.4764

0.2
  value         0.2844  0.2831  0.3096  0.2139  0.1833  0.9383  0.8848  0.7986  0.6683  0.5627   1.411   1.567  1.3601  1.1888  1.0254  1.9139  1.8511  1.7287  1.5508  1.1333  2.1501  2.3382  1.9514    2.04  1.4396
  min              0.1     0.2     0.2     0.2     0.1     NaN     NaN     NaN     NaN     NaN     1.3     1.5     1.2       1       1     1.6     1.7     1.5     1.4       1       2     2.1     1.8     1.9     1.3
  max              0.4     0.4     0.6     0.3     0.3     NaN     NaN     NaN     NaN     NaN     1.5     1.6     1.5     1.3     1.1     2.1       2     1.8     1.7     1.3     2.3     2.5     2.2     2.4     1.5
  mean          0.2857  0.2833  0.3083  0.2143  0.1824     NaN     NaN     NaN     NaN     NaN  1.4111  1.5667  1.3615  1.1875   1.025  1.9143    1.85  1.7286    1.55  1.1333    2.15  2.3385    1.95    2.04    1.44
  std. dev.     0.1215  0.0983  0.1379  0.0378  0.0636     NaN     NaN     NaN     NaN     NaN  0.0782  0.0577  0.1121  0.1246    0.05  0.1952  0.1225  0.1254  0.2121  0.1366  0.1378  0.1193  0.1643  0.2074  0.0894

Iris-setosa
  value              0       0       0       0       0   0.598  0.5676  0.5186   0.449  0.3914       1       1       1       1       1       2  1.8375  1.7214  1.5025       1       2       2       2       2   1.406
  min                0       0       0       0       0     NaN     NaN     NaN     NaN     NaN       1       1       1       1       1       2       1       1       1       1       2       2       2       2       1
  max                0       0       0       0       0     NaN     NaN     NaN     NaN     NaN       1       1       1       1       1       2       2       2       2       1       2       2       2       2       2
  mean               0       0       0       0       0     NaN     NaN     NaN     NaN     NaN       1       1       1       1       1       2  1.8333  1.7143     1.5       1       2       2       2       2     1.4
  std. dev.          0       0       0       0       0     NaN     NaN     NaN     NaN     NaN       0       0       0       0       0       0  0.4082   0.488  0.7071       0       0       0       0       0  0.5477



Time taken to build model (full training data) : 1.74 seconds

=== Model and evaluation on training set ===

Clustered Instances

 0        7 (  5%)
 1        6 (  4%)
 2       12 (  8%)
 3        7 (  5%)
 4       17 ( 11%)
10        9 (  6%)
11        3 (  2%)
12       13 (  9%)
13        8 (  5%)
14        4 (  3%)
15        7 (  5%)
16        6 (  4%)
17        7 (  5%)
18        2 (  1%)
19        6 (  4%)
20        6 (  4%)
21       13 (  9%)
22        6 (  4%)
23        5 (  3%)
24        5 (  3%)

SOM 5×5 (lr=0.1): width=5, height=5, learningRate=0.1
=== Run information ===

Scheme:       weka.clusterers.SelfOrganizingMap -L 0.1 -O 2000 -C 1000 -H 5 -W 5
Relation:     iris.arff
Instances:    149
Attributes:   5
              5.1
              3.5
              1.4
              0.2
              Iris-setosa
Test mode:    evaluate on training data


=== Clustering model (full training set) ===


Self Organized Map
==================

Number of clusters: 25


              Cluster
Attribute           0       1       2       3       4       5       6       7       8       9      10      11      12      13      14      15      16      17      18      19      20      21      22      23      24
                 (17)     (0)     (4)     (6)     (5)     (7)     (0)     (8)     (2)     (5)    (12)     (0)    (13)     (7)     (6)     (6)     (0)     (3)     (6)    (13)     (7)     (0)     (9)     (7)     (6)
======================================================================================================================================================================================================================
5.1
  value         4.6805  5.0143  5.0008  5.5987   6.179  4.8303  5.1982  5.6873  5.0492  5.7398  5.1667    5.46  5.8617  6.0573  6.4151  5.1829  5.7407   6.232  6.4828  6.6381  5.5273  5.9928  6.6873  7.1286  7.7176
  min              4.3     NaN     4.9     5.5       6     4.6     NaN     5.5     4.9     5.6       5     NaN     5.4     5.9     6.3     5.1     NaN       6     6.3     6.2     5.2     NaN     6.4     6.8     7.6
  max                5     NaN     5.1       6     6.3       5     NaN     5.8     5.2     5.8     5.5     NaN     6.2     6.3     6.7     5.4     NaN     6.4     6.7     7.2     5.8     NaN       7     7.4     7.9
  mean          4.6824     NaN       5     5.6    6.18  4.8286     NaN  5.6875    5.05    5.74  5.1667     NaN  5.8615  6.0571  6.4167  5.1833     NaN  6.2333  6.4833  6.6385  5.5286     NaN  6.6889  7.1286  7.7167
  std. dev.     0.2186     NaN  0.0816     0.2  0.1304  0.1799     NaN  0.1126  0.2121  0.0894  0.1775     NaN  0.2567  0.1512  0.1472  0.1329     NaN  0.2082  0.1329  0.2873  0.2138     NaN    0.19  0.2138  0.0983

3.5
  value         3.0282  2.8855  2.3008  2.3846   2.361  3.3847  3.0298  2.6995  2.5995  2.7006  3.4499  3.2039  2.9239  2.9286   2.667  3.7501  3.3302  3.3007  3.0337  3.2377  4.0436  3.4146  2.9879  3.0001  3.1668
  min              2.3     NaN       2     2.2     2.2     3.2     NaN     2.6     2.5     2.5     3.3     NaN     2.8     2.7     2.5     3.7     NaN     3.2     2.9       3     3.8     NaN     2.8     2.8     2.6
  max              3.2     NaN     2.5     2.5     2.6     3.6     NaN     2.9     2.7     2.8     3.6     NaN       3     3.2     2.8     3.8     NaN     3.4     3.2     3.6     4.4     NaN     3.2     3.2     3.8
  mean          3.0294     NaN     2.3  2.3833    2.36  3.3857     NaN     2.7     2.6     2.7    3.45     NaN  2.9231  2.9286  2.6667    3.75     NaN     3.3  3.0333  3.2385  4.0429     NaN  2.9889       3  3.1667
  std. dev.     0.2085     NaN   0.216  0.1169  0.1817  0.1215     NaN  0.1069  0.1414  0.1225  0.0798     NaN  0.0832  0.1704  0.1366  0.0548     NaN     0.1  0.1033   0.171   0.207     NaN  0.1453  0.1291  0.5125

1.4
  value         1.4172  2.3172  3.2736  3.8992  4.8846  1.4281  2.5392  3.9788  4.2015  5.0398  1.4906   2.823  4.3824  4.9437  5.3647  1.5839  3.0631  4.5667  5.3176  5.6171  1.4713  3.2383  4.5989  5.8548  6.5636
  min              1.1     NaN       3     3.7     4.4       1     NaN     3.5     3.9     4.9     1.3     NaN       4     4.8     4.9     1.5     NaN     4.5       5     5.1     1.2     NaN     4.3     5.4     6.1
  max              1.6     NaN     3.5       4     5.6     1.9     NaN     4.4     4.5     5.1     1.7     NaN     4.7     5.1     5.8     1.9     NaN     4.7     5.6     6.1     1.7     NaN     4.9     6.3     6.9
  mean          1.4176     NaN   3.275     3.9    4.88  1.4286     NaN   3.975     4.2    5.04  1.4917     NaN  4.3846  4.9429  5.3667  1.5833     NaN  4.5667  5.3167  5.6231  1.4714     NaN     4.6  5.8571  6.5667
  std. dev.     0.1334     NaN  0.2062  0.1265  0.4764   0.287     NaN  0.3012  0.4243  0.0894  0.1379     NaN  0.2304  0.1512  0.3615  0.1602     NaN  0.1155  0.2483  0.3032   0.189     NaN     0.2  0.3207  0.2805

0.2
  value         0.1833  0.5626  1.0254  1.1333  1.4396  0.2139  0.6681  1.1888  1.5508    2.04  0.3096  0.7981  1.3601  1.7287  1.9514  0.2831  0.8841   1.567  1.8511  2.3382  0.2844  0.9377   1.411  1.9139  2.1501
  min              0.1     NaN       1       1     1.3     0.2     NaN       1     1.4     1.9     0.2     NaN     1.2     1.5     1.8     0.2     NaN     1.5     1.7     2.1     0.1     NaN     1.3     1.6       2
  max              0.3     NaN     1.1     1.3     1.5     0.3     NaN     1.3     1.7     2.4     0.6     NaN     1.5     1.8     2.2     0.4     NaN     1.6       2     2.5     0.4     NaN     1.5     2.1     2.3
  mean          0.1824     NaN   1.025  1.1333    1.44  0.2143     NaN  1.1875    1.55    2.04  0.3083     NaN  1.3615  1.7286    1.95  0.2833     NaN  1.5667    1.85  2.3385  0.2857     NaN  1.4111  1.9143    2.15
  std. dev.     0.0636     NaN    0.05  0.1366  0.0894  0.0378     NaN  0.1246  0.2121  0.2074  0.1379     NaN  0.1121  0.1254  0.1643  0.0983     NaN  0.0577  0.1225  0.1193  0.1215     NaN  0.0782  0.1952  0.1378

Iris-setosa
  value              0  0.3913       1       1   1.406       0  0.4488       1  1.5025       2       0   0.518       1  1.7214       2       0  0.5666       1  1.8375       2       0  0.5972       1       2       2
  min                0     NaN       1       1       1       0     NaN       1       1       2       0     NaN       1       1       2       0     NaN       1       1       2       0     NaN       1       2       2
  max                0     NaN       1       1       2       0     NaN       1       2       2       0     NaN       1       2       2       0     NaN       1       2       2       0     NaN       1       2       2
  mean               0     NaN       1       1     1.4       0     NaN       1     1.5       2       0     NaN       1  1.7143       2       0     NaN       1  1.8333       2       0     NaN       1       2       2
  std. dev.          0     NaN       0       0  0.5477       0     NaN       0  0.7071       0       0     NaN       0   0.488       0       0     NaN       0  0.4082       0       0     NaN       0       0       0



Time taken to build model (full training data) : 1.55 seconds

=== Model and evaluation on training set ===

Clustered Instances

 0       17 ( 11%)
 2        4 (  3%)
 3        6 (  4%)
 4        5 (  3%)
 5        7 (  5%)
 7        8 (  5%)
 8        2 (  1%)
 9        5 (  3%)
10       12 (  8%)
12       13 (  9%)
13        7 (  5%)
14        6 (  4%)
15        6 (  4%)
17        3 (  2%)
18        6 (  4%)
19       13 (  9%)
20        7 (  5%)
22        9 (  6%)
23        7 (  5%)
24        6 (  4%)

SOM 5×5 (lr=0.8): width=5, height=5, learningRate=0.8
=== Run information ===

Scheme:       weka.clusterers.SelfOrganizingMap -L 0.8 -O 2000 -C 1000 -H 5 -W 5
Relation:     iris.arff
Instances:    149
Attributes:   5
              5.1
              3.5
              1.4
              0.2
              Iris-setosa
Test mode:    evaluate on training data


=== Clustering model (full training set) ===



Self Organized Map
==================

Number of clusters: 25


              Cluster
Attribute           0       1       2       3       4       5       6       7       8       9      10      11      12      13      14      15      16      17      18      19      20      21      22      23      24
                  (6)    (13)     (6)     (5)     (5)     (7)     (6)     (7)     (2)     (6)     (9)     (3)    (13)     (8)     (4)     (0)     (0)     (0)     (0)     (0)     (7)     (6)    (12)     (7)    (17)
======================================================================================================================================================================================================================
5.1
  value         7.7176  6.6381  6.4151  5.7398   6.179  7.1286  6.4828  6.0573  5.0492  5.5987  6.6873   6.232  5.8617  5.6873  5.0008  5.9935  5.7429  5.4641  5.2005  5.0144  5.5273  5.1829  5.1667  4.8303  4.6805
  min              7.6     6.2     6.3     5.6       6     6.8     6.3     5.9     4.9     5.5     6.4       6     5.4     5.5     4.9     NaN     NaN     NaN     NaN     NaN     5.2     5.1       5     4.6     4.3
  max              7.9     7.2     6.7     5.8     6.3     7.4     6.7     6.3     5.2       6       7     6.4     6.2     5.8     5.1     NaN     NaN     NaN     NaN     NaN     5.8     5.4     5.5       5       5
  mean          7.7167  6.6385  6.4167    5.74    6.18  7.1286  6.4833  6.0571    5.05     5.6  6.6889  6.2333  5.8615  5.6875       5     NaN     NaN     NaN     NaN     NaN  5.5286  5.1833  5.1667  4.8286  4.6824
  std. dev.     0.0983  0.2873  0.1472  0.0894  0.1304  0.2138  0.1329  0.1512  0.2121     0.2    0.19  0.2082  0.2567  0.1126  0.0816     NaN     NaN     NaN     NaN     NaN  0.2138  0.1329  0.1775  0.1799  0.2186

3.5
  value         3.1668  3.2377   2.667  2.7006   2.361  3.0001  3.0337  2.9286  2.5995  2.3846  2.9879  3.3007  2.9239  2.6995  2.3008  3.4137  3.3279  3.2016  3.0292  2.8854  4.0436  3.7501  3.4499  3.3847  3.0282
  min              2.6       3     2.5     2.5     2.2     2.8     2.9     2.7     2.5     2.2     2.8     3.2     2.8     2.6       2     NaN     NaN     NaN     NaN     NaN     3.8     3.7     3.3     3.2     2.3
  max              3.8     3.6     2.8     2.8     2.6     3.2     3.2     3.2     2.7     2.5     3.2     3.4       3     2.9     2.5     NaN     NaN     NaN     NaN     NaN     4.4     3.8     3.6     3.6     3.2
  mean          3.1667  3.2385  2.6667     2.7    2.36       3  3.0333  2.9286     2.6  2.3833  2.9889     3.3  2.9231     2.7     2.3     NaN     NaN     NaN     NaN     NaN  4.0429    3.75    3.45  3.3857  3.0294
  std. dev.     0.5125   0.171  0.1366  0.1225  0.1817  0.1291  0.1033  0.1704  0.1414  0.1169  0.1453     0.1  0.0832  0.1069   0.216     NaN     NaN     NaN     NaN     NaN   0.207  0.0548  0.0798  0.1215  0.2085

1.4
  value         6.5636  5.6171  5.3647  5.0398  4.8846  5.8548  5.3176  4.9437  4.2015  3.8992  4.5989  4.5667  4.3824  3.9788  3.2736  3.2415  3.0716  2.8346  2.5448  2.3175  1.4713  1.5839  1.4906  1.4281  1.4172
  min              6.1     5.1     4.9     4.9     4.4     5.4       5     4.8     3.9     3.7     4.3     4.5       4     3.5       3     NaN     NaN     NaN     NaN     NaN     1.2     1.5     1.3       1     1.1
  max              6.9     6.1     5.8     5.1     5.6     6.3     5.6     5.1     4.5       4     4.9     4.7     4.7     4.4     3.5     NaN     NaN     NaN     NaN     NaN     1.7     1.9     1.7     1.9     1.6
  mean          6.5667  5.6231  5.3667    5.04    4.88  5.8571  5.3167  4.9429     4.2     3.9     4.6  4.5667  4.3846   3.975   3.275     NaN     NaN     NaN     NaN     NaN  1.4714  1.5833  1.4917  1.4286  1.4176
  std. dev.     0.2805  0.3032  0.3615  0.0894  0.4764  0.3207  0.2483  0.1512  0.4243  0.1265     0.2  0.1155  0.2304  0.3012  0.2062     NaN     NaN     NaN     NaN     NaN   0.189  0.1602  0.1379   0.287  0.1334

0.2
  value         2.1501  2.3382  1.9514    2.04  1.4396  1.9139  1.8511  1.7287  1.5508  1.1333   1.411   1.567  1.3601  1.1888  1.0254   0.939  0.8866  0.8012  0.6697  0.5627  0.2844  0.2831  0.3096  0.2139  0.1833
  min                2     2.1     1.8     1.9     1.3     1.6     1.7     1.5     1.4       1     1.3     1.5     1.2       1       1     NaN     NaN     NaN     NaN     NaN     0.1     0.2     0.2     0.2     0.1
  max              2.3     2.5     2.2     2.4     1.5     2.1       2     1.8     1.7     1.3     1.5     1.6     1.5     1.3     1.1     NaN     NaN     NaN     NaN     NaN     0.4     0.4     0.6     0.3     0.3
  mean            2.15  2.3385    1.95    2.04    1.44  1.9143    1.85  1.7286    1.55  1.1333  1.4111  1.5667  1.3615  1.1875   1.025     NaN     NaN     NaN     NaN     NaN  0.2857  0.2833  0.3083  0.2143  0.1824
  std. dev.     0.1378  0.1193  0.1643  0.2074  0.0894  0.1952  0.1225  0.1254  0.2121  0.1366  0.0782  0.0577  0.1121  0.1246    0.05     NaN     NaN     NaN     NaN     NaN  0.1215  0.0983  0.1379  0.0378  0.0636

Iris-setosa
  value              2       2       2       2   1.406       2  1.8375  1.7214  1.5025       1       1       1       1       1       1  0.5989  0.5699  0.5217  0.4504  0.3914       0       0       0       0       0
  min                2       2       2       2       1       2       1       1       1       1       1       1       1       1       1     NaN     NaN     NaN     NaN     NaN       0       0       0       0       0
  max                2       2       2       2       2       2       2       2       2       1       1       1       1       1       1     NaN     NaN     NaN     NaN     NaN       0       0       0       0       0
  mean               2       2       2       2     1.4       2  1.8333  1.7143     1.5       1       1       1       1       1       1     NaN     NaN     NaN     NaN     NaN       0       0       0       0       0
  std. dev.          0       0       0       0  0.5477       0  0.4082   0.488  0.7071       0       0       0       0       0       0     NaN     NaN     NaN     NaN     NaN       0       0       0       0       0



Time taken to build model (full training data) : 1.58 seconds

=== Model and evaluation on training set ===

Clustered Instances

 0        6 (  4%)
 1       13 (  9%)
 2        6 (  4%)
 3        5 (  3%)
 4        5 (  3%)
 5        7 (  5%)
 6        6 (  4%)
 7        7 (  5%)
 8        2 (  1%)
 9        6 (  4%)
10        9 (  6%)
11        3 (  2%)
12       13 (  9%)
13        8 (  5%)
14        4 (  3%)
20        7 (  5%)
21        6 (  4%)
22       12 (  8%)
23        7 (  5%)
24       17 ( 11%)

SOM 10×10 (lr=0.3): width=10, height=10, learningRate=0.3
=== Run information ===

Scheme:       weka.clusterers.SelfOrganizingMap -L 0.3 -O 2000 -C 1000 -H 10 -W 10
Relation:     iris.arff
Instances:    149
Attributes:   5
              5.1
              3.5
              1.4
              0.2
              Iris-setosa
Test mode:    evaluate on training data


=== Clustering model (full training set) ===


Self Organized Map
==================

Number of clusters: 100


              Cluster
Attribute           0       1       2       3       4       5       6       7       8       9      10      11      12      13      14      15      16      17      18      19      20      21      22      23      24      25      26      27      28      29      30      31      32      33      34      35      36      37      38      39      40      41      42      43      44      45      46      47      48      49      50      51      52      53      54      55      56      57      58      59      60      61      62      63      64      65      66      67      68      69      70      71      72      73      74      75      76      77      78      79      80      81      82      83      84      85      86      87      88      89      90      91      92      93      94      95      96      97      98      99
                  (4)     (3)     (0)     (0)     (2)     (2)     (1)     (2)     (4)     (2)     (2)     (1)     (0)     (0)     (2)     (2)     (0)     (1)     (1)     (1)     (2)     (2)     (0)     (0)     (1)     (2)     (1)     (2)     (1)     (4)     (5)     (2)     (0)     (0)     (3)     (1)     (0)     (2)     (2)     (4)     (3)     (2)     (0)     (1)     (1)     (1)     (3)     (2)     (0)     (1)     (3)     (1)     (0)     (2)     (1)     (2)     (0)     (1)     (1)     (3)     (4)     (0)     (0)     (0)     (2)     (2)     (0)     (1)     (1)     (0)     (4)     (3)     (0)     (1)     (3)     (3)     (0)     (1)     (2)     (4)     (3)     (1)     (0)     (0)     (1)     (2)     (1)     (0)     (0)     (1)     (3)     (1)     (0)     (4)     (2)     (1)     (0)     (3)     (1)     (2)
==============================================================================================================================================================================================================================================================================================================================================================================================================================================================================================================================================================================================================================================================================================================================================================================================================================================
5.1
  value         5.5482   5.501  5.6302  6.4428  6.7005  6.9497     7.2  7.3503  7.6754  7.8005     5.1     5.1  5.5639   6.352  6.5503     6.7  6.8656     7.2     7.1     7.2  5.2005  5.4503  5.4889  6.1618     6.4  6.3497     6.7  6.8503     6.7  6.7744  5.1206     5.4  5.3969  5.9382  6.1337       6  6.3368     6.5  6.7995  6.2995  4.8667       5  5.3224     5.7     5.9       6  6.0003  6.4497  6.3858     6.5   4.734     5.1  5.2873     5.6     6.1  5.4995  5.9474     5.9     6.3   6.202  4.8515  4.8931  5.2044  5.6465     5.7   5.901  5.8554     6.3     6.4  6.0608  4.8751  4.8997   5.088     5.7     5.8  5.4347  5.7082       6  6.2497  5.7249  4.5333     4.8  4.9785  5.3468     5.6     5.5     4.9  5.9449  6.0897     6.3  4.3667     4.5  4.9108  5.0008     5.5       6  5.7657   6.166     6.3  6.3985
  min              5.2     5.4     NaN     NaN     6.6     6.9     7.2     7.3     7.6     7.7     5.1     5.1     NaN     NaN     6.5     6.7     NaN     7.2     7.1     7.2     5.1     5.4     NaN     NaN     6.4     6.3     6.7     6.8     6.7     6.7       5     5.4     NaN     NaN     6.1       6     NaN     6.5     6.7     6.2     4.6       5     NaN     5.7     5.9       6     5.9     6.4     NaN     6.5     4.6     5.1     NaN     5.6     6.1     5.4     NaN     5.9     6.3     5.8     4.7     NaN     NaN     NaN     5.7     5.7     NaN     6.3     6.4     NaN     4.8     4.8     NaN     5.7     5.8     5.2     NaN       6     6.2     5.6     4.4     4.8     NaN     NaN     5.6     5.5     4.9     NaN     NaN     6.3     4.3     4.5     NaN     4.9     5.5       6     NaN       6     6.3     6.1
  max              5.8     5.7     NaN     NaN     6.8       7     7.2     7.4     7.7     7.9     5.1     5.1     NaN     NaN     6.6     6.7     NaN     7.2     7.1     7.2     5.3     5.5     NaN     NaN     6.4     6.4     6.7     6.9     6.7     6.9     5.2     5.4     NaN     NaN     6.2       6     NaN     6.5     6.9     6.4       5       5     NaN     5.7     5.9       6     6.1     6.5     NaN     6.5     4.8     5.1     NaN     5.6     6.1     5.6     NaN     5.9     6.3     6.4       5     NaN     NaN     NaN     5.7     6.1     NaN     6.3     6.4     NaN     4.9       5     NaN     5.7     5.8     5.6     NaN       6     6.3     5.8     4.6     4.8     NaN     NaN     5.6     5.5     4.9     NaN     NaN     6.3     4.4     4.5     NaN     5.1     5.5       6     NaN     6.3     6.3     6.7
  mean            5.55     5.5     NaN     NaN     6.7    6.95     7.2    7.35   7.675     7.8     5.1     5.1     NaN     NaN    6.55     6.7     NaN     7.2     7.1     7.2     5.2    5.45     NaN     NaN     6.4    6.35     6.7    6.85     6.7   6.775    5.12     5.4     NaN     NaN  6.1333       6     NaN     6.5     6.8     6.3  4.8667       5     NaN     5.7     5.9       6       6    6.45     NaN     6.5  4.7333     5.1     NaN     5.6     6.1     5.5     NaN     5.9     6.3     6.2    4.85     NaN     NaN     NaN     5.7     5.9     NaN     6.3     6.4     NaN   4.875     4.9     NaN     5.7     5.8  5.4333     NaN       6    6.25   5.725  4.5333     4.8     NaN     NaN     5.6     5.5     4.9     NaN     NaN     6.3  4.3667     4.5     NaN       5     5.5       6     NaN  6.1667     6.3     6.4
  std. dev.     0.2646  0.1732     NaN     NaN  0.1414  0.0707     NaN  0.0707    0.05  0.1414       0     NaN     NaN     NaN  0.0707       0     NaN     NaN     NaN     NaN  0.1414  0.0707     NaN     NaN     NaN  0.0707     NaN  0.0707     NaN  0.0957  0.0837       0     NaN     NaN  0.0577     NaN     NaN       0  0.1414  0.0816  0.2309       0     NaN     NaN     NaN     NaN     0.1  0.0707     NaN     NaN  0.1155     NaN     NaN       0     NaN  0.1414     NaN     NaN     NaN  0.3464  0.1732     NaN     NaN     NaN       0  0.2828     NaN     NaN     NaN     NaN    0.05     0.1     NaN     NaN       0  0.2082     NaN     NaN  0.0707  0.0957  0.1155     NaN     NaN     NaN     NaN       0     NaN     NaN     NaN     NaN  0.0577     NaN     NaN  0.0816       0     NaN     NaN  0.1528     NaN  0.4243

3.5
  value         4.1754  3.8663  3.7196  3.1176  2.8497  3.1497       3  2.8497  2.8503     3.8     3.8     3.8  3.6337  3.0962  2.9005     3.1  3.0454     3.2       3     3.6     3.7  3.5995  3.4761  3.0681     2.9  3.2503       3  3.0503     3.3  3.2005  3.4398     3.4  3.3455  3.0401  2.9333     3.4  3.0819  3.0995  3.0497  3.3256  3.5663  3.4503  3.2605       3       3     2.9   3.066  3.0503  3.0546       3     3.4     3.3   3.162  2.9503     2.8       3  2.9496       3     2.9     2.8  3.2254  3.1859   3.028   2.819  2.8497     2.8  2.8101     2.8     2.7  2.7482  3.0751  3.0337  2.9024     2.6  2.6663  2.6667  2.6643     2.7  2.7503  2.6754   3.167       3  2.7199  2.4992     2.5  2.4005     2.5  2.4855  2.5495     2.5   2.967     2.3  2.5237  2.3008     2.4     2.2  2.3568  2.2333     2.5  2.5503
  min                4     3.8     NaN     NaN     2.8     3.1       3     2.8     2.6     3.8     3.8     3.8     NaN     NaN     2.8     3.1     NaN     3.2       3     3.6     3.7     3.5     NaN     NaN     2.9     3.2       3       3     3.3     3.1     3.4     3.4     NaN     NaN     2.9     3.4     NaN       3       3     3.2     3.5     3.4     NaN       3       3     2.9       3       3     NaN       3     3.4     3.3     NaN     2.9     2.8       3     NaN       3     2.9     2.8     3.2     NaN     NaN     NaN     2.8     2.8     NaN     2.8     2.7     NaN       3       3     NaN     2.6     2.6     2.6     NaN     2.7     2.7     2.5     3.1       3     NaN     NaN     2.5     2.3     2.5     NaN     NaN     2.5     2.9     2.3     NaN       2     2.4     2.2     NaN     2.2     2.5     2.5
  max              4.4     3.9     NaN     NaN     2.9     3.2       3     2.9       3     3.8     3.8     3.8     NaN     NaN       3     3.1     NaN     3.2       3     3.6     3.7     3.7     NaN     NaN     2.9     3.3       3     3.1     3.3     3.3     3.5     3.4     NaN     NaN       3     3.4     NaN     3.2     3.1     3.4     3.6     3.5     NaN       3       3     2.9     3.2     3.1     NaN       3     3.4     3.3     NaN       3     2.8       3     NaN       3     2.9     2.8     3.3     NaN     NaN     NaN     2.9     2.8     NaN     2.8     2.7     NaN     3.1     3.1     NaN     2.6     2.7     2.7     NaN     2.7     2.8     2.8     3.2       3     NaN     NaN     2.5     2.5     2.5     NaN     NaN     2.5       3     2.3     NaN     2.5     2.4     2.2     NaN     2.3     2.5     2.6
  mean           4.175  3.8667     NaN     NaN    2.85    3.15       3    2.85    2.85     3.8     3.8     3.8     NaN     NaN     2.9     3.1     NaN     3.2       3     3.6     3.7     3.6     NaN     NaN     2.9    3.25       3    3.05     3.3     3.2    3.44     3.4     NaN     NaN  2.9333     3.4     NaN     3.1    3.05   3.325  3.5667    3.45     NaN       3       3     2.9  3.0667    3.05     NaN       3     3.4     3.3     NaN    2.95     2.8       3     NaN       3     2.9     2.8   3.225     NaN     NaN     NaN    2.85     2.8     NaN     2.8     2.7     NaN   3.075  3.0333     NaN     2.6  2.6667  2.6667     NaN     2.7    2.75   2.675  3.1667       3     NaN     NaN     2.5     2.4     2.5     NaN     NaN     2.5  2.9667     2.3     NaN     2.3     2.4     2.2     NaN  2.2333     2.5    2.55
  std. dev.     0.1708  0.0577     NaN     NaN  0.0707  0.0707     NaN  0.0707  0.1915       0       0     NaN     NaN     NaN  0.1414       0     NaN     NaN     NaN     NaN       0  0.1414     NaN     NaN     NaN  0.0707     NaN  0.0707     NaN  0.0816  0.0548       0     NaN     NaN  0.0577     NaN     NaN  0.1414  0.0707  0.0957  0.0577  0.0707     NaN     NaN     NaN     NaN  0.1155  0.0707     NaN     NaN       0     NaN     NaN  0.0707     NaN       0     NaN     NaN     NaN       0    0.05     NaN     NaN     NaN  0.0707       0     NaN     NaN     NaN     NaN    0.05  0.0577     NaN     NaN  0.0577  0.0577     NaN     NaN  0.0707  0.1258  0.0577     NaN     NaN     NaN     NaN  0.1414     NaN     NaN     NaN     NaN  0.0577     NaN     NaN   0.216       0     NaN     NaN  0.0577     NaN  0.0707

1.4
  value         1.4007  1.5667  2.0568  4.0415  4.7005  4.8005     5.8  6.1995  6.5729  6.5492  1.5503     1.9  2.0636   4.025  4.4995  4.5508  5.3427       6     5.9     6.1     1.5  1.3995  2.0882  4.0118     4.3  4.6005       5  5.4497     5.7  5.7254    1.46  1.5995  2.2245  3.9837   4.532     4.5  4.9737  5.1503  5.1503  5.5731   1.233     1.6  2.4461     4.2     4.2     4.5  4.8333     5.5   5.409     5.8   1.635     1.7  2.6036  3.8513       4     4.5  4.7646     5.1     5.6   5.435  1.3749  1.5934  2.4519  3.7882  4.1497  4.6005  4.6394     5.1     5.3  5.2147  1.4751   1.534  2.2472     3.5  3.9997  4.1677  4.4794     5.1  4.8497  5.0249  1.3997     1.4  2.3401  3.4602     3.9       4     4.5  4.7412  5.0015       5  1.2663     1.3  2.5684  3.2736  3.7497       4  4.3406   4.635     4.9  5.6995
  min              1.2     1.3     NaN     NaN     4.6     4.7     5.8     6.1     6.1     6.4     1.5     1.9     NaN     NaN     4.4     4.4     NaN       6     5.9     6.1     1.5     1.3     NaN     NaN     4.3     4.5       5     5.4     5.7     5.6     1.4     1.5     NaN     NaN     4.3     4.5     NaN     5.1     5.1     5.3       1     1.6     NaN     4.2     4.2     4.5     4.8     5.5     NaN     5.8     1.4     1.7     NaN     3.6       4     4.5     NaN     5.1     5.6     5.1     1.2     NaN     NaN     NaN     4.1     4.5     NaN     5.1     5.3     NaN     1.4     1.4     NaN     3.5     3.9     3.9     NaN     5.1     4.8     4.9     1.3     1.4     NaN     NaN     3.9       4     4.5     NaN     NaN       5     1.1     1.3     NaN       3     3.7       4     NaN     4.4     4.9     5.6
  max              1.5     1.7     NaN     NaN     4.8     4.9     5.8     6.3     6.9     6.7     1.6     1.9     NaN     NaN     4.6     4.7     NaN       6     5.9     6.1     1.5     1.5     NaN     NaN     4.3     4.7       5     5.5     5.7     5.9     1.5     1.7     NaN     NaN     4.7     4.5     NaN     5.2     5.2       6     1.4     1.6     NaN     4.2     4.2     4.5     4.9     5.5     NaN     5.8     1.9     1.7     NaN     4.1       4     4.5     NaN     5.1     5.6     5.6     1.6     NaN     NaN     NaN     4.2     4.7     NaN     5.1     5.3     NaN     1.5     1.6     NaN     3.5     4.1     4.4     NaN     5.1     4.9     5.1     1.5     1.4     NaN     NaN     3.9       4     4.5     NaN     NaN       5     1.4     1.3     NaN     3.5     3.8       4     NaN       5     4.9     5.8
  mean             1.4  1.5667     NaN     NaN     4.7     4.8     5.8     6.2   6.575    6.55    1.55     1.9     NaN     NaN     4.5    4.55     NaN       6     5.9     6.1     1.5     1.4     NaN     NaN     4.3     4.6       5    5.45     5.7   5.725    1.46     1.6     NaN     NaN  4.5333     4.5     NaN    5.15    5.15   5.575  1.2333     1.6     NaN     4.2     4.2     4.5  4.8333     5.5     NaN     5.8  1.6333     1.7     NaN    3.85       4     4.5     NaN     5.1     5.6  5.4333   1.375     NaN     NaN     NaN    4.15     4.6     NaN     5.1     5.3     NaN   1.475  1.5333     NaN     3.5       4  4.1667     NaN     5.1    4.85   5.025     1.4     1.4     NaN     NaN     3.9       4     4.5     NaN     NaN       5  1.2667     1.3     NaN   3.275    3.75       4     NaN  4.6333     4.9     5.7
  std. dev.     0.1414  0.2309     NaN     NaN  0.1414  0.1414     NaN  0.1414  0.3403  0.2121  0.0707     NaN     NaN     NaN  0.1414  0.2121     NaN     NaN     NaN     NaN       0  0.1414     NaN     NaN     NaN  0.1414     NaN  0.0707     NaN  0.1258  0.0548  0.1414     NaN     NaN  0.2082     NaN     NaN  0.0707  0.0707  0.3096  0.2082       0     NaN     NaN     NaN     NaN  0.0577       0     NaN     NaN  0.2517     NaN     NaN  0.3536     NaN       0     NaN     NaN     NaN  0.2887  0.1708     NaN     NaN     NaN  0.0707  0.1414     NaN     NaN     NaN     NaN    0.05  0.1155     NaN     NaN     0.1  0.2517     NaN     NaN  0.0707  0.0957     0.1     NaN     NaN     NaN     NaN       0     NaN     NaN     NaN     NaN  0.1528     NaN     NaN  0.2062  0.0707     NaN     NaN  0.3215     NaN  0.1414

0.2
  value         0.2246  0.3663  0.4945  1.2046  1.3503  1.4503     1.6  1.8503  2.1754  2.0995  0.2497     0.4  0.4845  1.2169  1.4497  1.4503  1.7549     1.8     2.1     2.5  0.2995     0.2  0.4932  1.2211     1.3  1.5503     1.7     2.1     2.1  2.3756  0.2198  0.3005  0.5701  1.2232  1.3663     1.6  1.7832       2     2.3  2.3744  0.2337  0.5005  0.6863     1.2     1.5     1.5     1.8     1.8  2.1141     2.2   0.233     0.5  0.7477     1.3     1.3     1.5  1.6186     1.8     1.8  2.2327     0.2  0.2663  0.6311  1.1512     1.3  1.2497  1.4954     1.5     1.9  1.9937     0.1     0.2   0.516       1   1.134  1.2997  1.4286     1.6     1.8    1.95     0.2     0.3  0.5857  1.0118     1.1     1.3     1.7  1.5595  1.7072     1.9  0.1667     0.3  0.7147  1.0254  1.0497       1  1.3558  1.4333     1.5   1.599
  min              0.1     0.3     NaN     NaN     1.3     1.4     1.6     1.8       2       2     0.2     0.4     NaN     NaN     1.4     1.4     NaN     1.8     2.1     2.5     0.2     0.2     NaN     NaN     1.3     1.5     1.7     2.1     2.1     2.3     0.2     0.2     NaN     NaN     1.3     1.6     NaN       2     2.3     2.3     0.2     0.4     NaN     1.2     1.5     1.5     1.8     1.8     NaN     2.2     0.2     0.5     NaN     1.3     1.3     1.5     NaN     1.8     1.8     2.1     0.2     NaN     NaN     NaN     1.3     1.2     NaN     1.5     1.9     NaN     0.1     0.2     NaN       1       1     1.2     NaN     1.6     1.8     1.9     0.2     0.3     NaN     NaN     1.1     1.3     1.7     NaN     NaN     1.9     0.1     0.3     NaN       1       1       1     NaN     1.3     1.5     1.4
  max              0.4     0.4     NaN     NaN     1.4     1.5     1.6     1.9     2.3     2.2     0.3     0.4     NaN     NaN     1.5     1.5     NaN     1.8     2.1     2.5     0.4     0.2     NaN     NaN     1.3     1.6     1.7     2.1     2.1     2.5     0.3     0.4     NaN     NaN     1.4     1.6     NaN       2     2.3     2.5     0.3     0.6     NaN     1.2     1.5     1.5     1.8     1.8     NaN     2.2     0.3     0.5     NaN     1.3     1.3     1.5     NaN     1.8     1.8     2.4     0.2     NaN     NaN     NaN     1.3     1.3     NaN     1.5     1.9     NaN     0.1     0.2     NaN       1     1.2     1.4     NaN     1.6     1.8       2     0.2     0.3     NaN     NaN     1.1     1.3     1.7     NaN     NaN     1.9     0.2     0.3     NaN     1.1     1.1       1     NaN     1.5     1.5     1.8
  mean           0.225  0.3667     NaN     NaN    1.35    1.45     1.6    1.85   2.175     2.1    0.25     0.4     NaN     NaN    1.45    1.45     NaN     1.8     2.1     2.5     0.3     0.2     NaN     NaN     1.3    1.55     1.7     2.1     2.1   2.375    0.22     0.3     NaN     NaN  1.3667     1.6     NaN       2     2.3   2.375  0.2333     0.5     NaN     1.2     1.5     1.5     1.8     1.8     NaN     2.2  0.2333     0.5     NaN     1.3     1.3     1.5     NaN     1.8     1.8  2.2333     0.2     NaN     NaN     NaN     1.3    1.25     NaN     1.5     1.9     NaN     0.1     0.2     NaN       1  1.1333     1.3     NaN     1.6     1.8    1.95     0.2     0.3     NaN     NaN     1.1     1.3     1.7     NaN     NaN     1.9  0.1667     0.3     NaN   1.025    1.05       1     NaN  1.4333     1.5     1.6
